Vector :
1.27895e-007
6.33526e-009
4.94297e-011
3.60382e-009
2.98045e-012
1.64194e-007
3.66515e-011
9.30334e-010
0.000467825
1.05577e-006
0.000359757
5.904e-006
3.52706e-009
2.60158e-018
1.29289e-017
6.81386e-016
2.50451e-015
3.80029e-013
1.59635e-009
1.01669e-011
2.70503e-010
1.55486e-006
0.000542078
0.000789211
0.707089
0.000839837
3.0015e-007
2.40633e-006
8.04018e-007
2.65979e-009
1.07464e-009
2.70054e-012
1.54054e-012
3.22463e-015
9.49265e-016
1.08471e-017
1.86764e-019
5.64011e-013
6.41841e-010
5.10248e-010
1.30976e-011
1.42719e-012
1.79551e-013
6.11689e-008
2.24526e-010
-7.95876e-017
-4.85268e-016
-1.49441e-020
8.03437e-024
1.80475e-021
-2.68779e-018
1.46935e-012
6.30543e-013
6.36115e-016
1.88149e-013
2.16848e-013
8.36218e-015
1.16725e-009
-1.27075e-011
7.81911e-009
9.1658e-013
4.39742e-010
9.44495e-012
3.34156e-017
1.47233e-019
3.14832e-011
1.34766e-009
1.13672e-014
6.20609e-017
1.47366e-006
9.44386e-011
8.57923e-009
8.30238e-006
7.42033e-007
0.00211378
0.000114975
0.707106
4.08831e-005
0.00450158
5.28726e-007
3.9756e-006
8.00009e-010
2.87108e-009
1.66932e-012
2.01496e-012
6.55272e-016
7.13987e-015
5.39685e-019
1.3584e-007
-3.23388e-008
3.09362e-011
-3.50339e-014
1.53975e-016
8.7327e-020
2.09939e-017
1.96306e-009
3.73222e-014
2.37006e-011
5.21767e-012
-5.52562e-013
2.78438e-013
5.07681e-010
4.35326e-011
-6.93155e-011
-6.24559e-014
3.42356e-020
-1.1554e-017
3.25259e-010
6.03168e-013
3.94138e-014
5.47348e-017
2.41247e-017
-1.30374e-019
2.03264e-019
-7.83498e-022
2.20079e-020
3.38503e-019
6.36137e-021
3.06836e-019
9.19358e-017
5.52744e-018
1.34467e-021
5.8231e-018
3.08779e-020
3.94721e-017
-3.12185e-015
5.2429e-010
2.64097e-013
-7.32821e-017
-4.48221e-020
4.8145e-022
2.08339e-021
1.37146e-019
4.06397e-020
-6.79637e-012
2.42688e-012
5.87024e-012
3.79458e-013
8.90963e-008
1.14256e-009
1.04002e-009
1.53606e-018
6.83371e-017
3.16083e-016
1.20339e-016
5.26488e-014
1.88596e-012
3.32498e-010
1.97046e-007
4.54393e-011
-7.02235e-009
2.36013e-008
3.07577e-011
2.70644e-014
1.7312e-016
5.74479e-020
2.28556e-018
2.71603e-013
8.0001e-020
7.20694e-022
1.79338e-020
1.20371e-019
1.81638e-020
-3.86573e-022
-2.84014e-019
1.02476e-019
1.31177e-024
-4.13713e-024
3.53794e-021
-1.10295e-022
2.39832e-021
1.9505e-023
-9.07027e-023
-6.15736e-019
-4.72291e-018
4.13451e-019
5.57004e-016
4.1808e-016
-1.63561e-021
-4.24331e-023
1.4751e-018
2.79084e-013
1.07805e-013
2.39654e-016
1.20862e-015
3.6589e-013
2.42434e-017
3.7275e-017
2.99398e-020
-9.35551e-019
-1.63896e-016
2.46084e-017
3.58286e-016
-2.33618e-019
1.66237e-013
1.82675e-014
7.21933e-011
2.19922e-013
4.62677e-010
2.46639e-012
-4.66965e-013
-1.73287e-015
-1.34499e-011
-2.75859e-014
4.8907e-011
3.61128e-013
1.82794e-014
-9.25763e-014
-5.00256e-015
3.17763e-017
1.05693e-015
5.32905e-015
-8.9135e-018
-8.14268e-017
-3.09683e-015
-1.77103e-019
3.49011e-018
2.19611e-017
-6.26943e-021
2.93654e-022
2.22499e-016
2.16097e-019
-1.20679e-021
-4.07626e-025
-5.14053e-025
7.75035e-020
5.01032e-022
6.3551e-023
-2.0951e-018
3.18144e-024
1.30164e-020
1.99262e-018
9.23523e-022
4.07806e-023
-4.20696e-019
-5.31181e-022
-6.86555e-022
