Vector :
8.42176e-005
-1.04356e-005
-2.09182e-005
-7.04202e-006
7.9337e-006
2.39576e-006
-1.86635e-006
2.03075e-007
9.65167e-006
-1.84213e-005
2.02872e-005
-2.17045e-005
7.20658e-006
-0.00299167
0.0389585
-0.0148699
0.00490589
-0.00858125
0.00102848
0.000533412
0.00112705
-0.000513152
3.64892e-005
-1.95726e-005
-3.17557e-005
-1.98401e-006
5.14556e-006
-9.52116e-007
4.11058e-006
-3.36203e-007
-1.56886e-006
2.54725e-007
4.18802e-007
-8.35122e-008
-1.22878e-007
1.51614e-008
1.31327e-008
-0.000615496
1.2257e-005
-0.000149598
-3.72981e-005
0.000221968
-0.00113516
-6.09172e-005
0.000139008
0.00081237
0.00148734
-0.00403763
0.0337562
0.00871592
-0.00823351
0.000145039
5.26012e-006
0.00129812
-0.00033866
-0.00020331
-0.000797753
0.000189933
5.60822e-005
-0.000404889
-0.000509702
-5.89503e-005
-1.9607e-005
0.000248966
-0.000172987
0.00166372
0.00159131
0.00139647
-0.000152001
-0.00106554
0.000310478
0.000249864
0.000149496
4.20657e-005
8.60085e-005
-0.000414715
0.000151638
-0.000513661
4.23748e-005
0.000154235
-2.85493e-005
-2.39682e-005
7.19165e-006
5.7801e-006
-1.64041e-006
4.91687e-007
-1.8582e-006
-7.21084e-008
0.00383525
-0.000494954
3.57387e-005
-2.16339e-005
5.06954e-006
-5.32353e-007
6.75488e-007
-0.000656643
0.00011563
-0.000596592
0.000160692
5.87435e-005
5.31781e-005
-0.000479765
-0.000299883
0.000122801
-7.53662e-006
-5.95237e-007
7.9395e-008
-0.00489178
-0.00575427
-0.0069227
-0.00313779
0.000158033
-0.0042354
0.000901049
-2.12456e-009
8.73888e-009
8.95087e-008
5.12764e-008
-5.1198e-007
1.41012e-007
0.00298025
-0.0129723
0.000744242
-0.0034186
-2.73555e-005
3.69818e-005
-1.5611e-005
1.48531e-006
-8.65052e-007
2.19709e-008
2.29063e-008
-6.55971e-008
-1.44348e-007
-4.76812e-009
8.68789e-005
-0.000697567
-2.82302e-005
5.09536e-006
-1.73899e-005
0.000116547
6.40718e-005
0.0263487
0.0361333
-0.00352701
0.00202713
0.00159063
-0.000104157
0.000180235
-5.42604e-005
5.30817e-006
-1.19428e-006
3.26696e-007
-2.82288e-008
-2.54998e-008
-8.04472e-009
-0.00321253
-0.000360181
-0.000201141
-0.00908651
0.000528019
0.0157996
-0.160901
-0.0936034
0.000426784
0.00823784
0.910491
-0.074716
-0.106666
-0.124711
-0.103473
0.0519526
-0.082517
-0.110585
-0.105861
-0.0908346
0.0263064
0.04027
-0.0123899
-0.0192244
0.00112655
0.0323243
0.0239819
-0.00701335
-0.196712
0.0212525
0.00474288
0.00171463
0.00110413
-0.000547098
-0.00175783
0.000478951
-0.000284326
-0.000242405
-9.79537e-005
5.88131e-005
2.06747e-005
-3.42562e-005
-1.03702e-006
1.39072e-005
-1.65449e-006
-2.73804e-006
5.62803e-007
5.21514e-007
-1.88173e-007
-9.28852e-008
5.30837e-008
-0.00166961
0.000374339
-6.60624e-005
8.72578e-006
-7.87504e-007
6.37458e-007
-1.65312e-007
1.27447e-007
-0.000936017
-0.000188101
0.000123046
0.000171809
-9.65846e-006
-1.36866e-005
0.0287013
0.00320421
-1.17971e-008
1.01353e-008
1.77691e-010
-1.0015e-008
6.11253e-008
5.50225e-008
4.50166e-009
0.0213314
0.0320675
0.000135054
-3.38589e-005
-7.3245e-008
7.47572e-008
-3.81183e-012
6.33676e-008
