Vector :
1.0384e-010
5.87958e-011
2.8465e-012
8.99508e-013
1.69516e-013
5.79825e-013
2.61514e-014
1.15777e-014
5.64772e-011
1.95228e-012
3.38432e-011
5.90251e-011
1.17379e-013
5.05981e-011
5.82637e-012
3.65354e-012
6.10366e-011
6.1743e-012
1.63922e-010
2.18575e-010
3.62617e-011
2.68031e-009
2.84865e-009
2.1666e-009
2.28751e-009
3.07836e-010
1.21261e-011
4.09563e-012
7.54965e-012
9.85457e-014
1.6303e-013
1.97858e-015
3.64941e-015
5.40656e-017
1.96784e-016
6.44011e-018
1.06811e-017
3.07123e-010
1.07203e-008
7.22992e-009
1.66517e-008
8.72348e-010
1.19119e-009
3.9441e-007
1.01409e-008
6.8345e-010
1.74775e-010
3.17879e-011
7.47671e-012
2.68116e-011
1.61528e-010
2.0169e-008
4.92569e-008
4.68944e-009
4.96793e-008
8.96675e-009
3.24445e-010
1.62178e-006
1.17351e-006
5.15402e-005
2.0929e-007
8.22178e-007
9.15564e-009
1.64277e-009
1.88304e-010
5.48345e-007
2.52434e-005
6.51e-009
1.4629e-009
0.00353803
0.00284024
1.79304e-005
1.98424e-005
3.89177e-007
3.47062e-007
3.51443e-005
3.21732e-007
5.02501e-006
5.07171e-008
4.78532e-008
6.05651e-010
3.34369e-010
6.01674e-012
6.34435e-012
7.41539e-014
5.54433e-015
1.87281e-013
2.44485e-016
0.00142171
1.35138e-006
1.32534e-009
4.46752e-010
7.76207e-012
9.5168e-014
3.77121e-015
0.200823
0.193717
0.00612513
0.0242438
0.654074
0.114313
5.50306e-006
3.3025e-006
4.54495e-008
2.3875e-010
2.00826e-013
1.68363e-014
2.94892e-005
2.70435e-007
7.14566e-009
2.08642e-010
1.57618e-010
1.87922e-011
1.87237e-011
2.1896e-018
3.5447e-017
1.04511e-018
2.97444e-018
4.95319e-017
2.64488e-015
1.03855e-011
2.54329e-012
2.05833e-011
3.18231e-012
0.65897
0.215344
2.26778e-014
1.18031e-016
2.91072e-012
3.37826e-015
6.98996e-019
3.4857e-017
8.77347e-017
1.99121e-017
1.36315e-012
5.51463e-012
1.22495e-013
1.454e-014
4.39173e-013
7.11682e-014
1.4414e-014
2.82293e-013
1.89834e-013
3.54671e-014
1.21002e-013
5.95589e-013
7.17374e-014
5.89695e-014
6.55058e-013
4.76743e-013
2.44317e-013
5.00615e-014
1.67223e-015
5.04021e-017
4.04445e-018
5.29372e-015
9.49432e-014
1.07217e-013
8.88627e-014
1.37491e-013
1.06475e-013
3.69717e-013
8.68802e-013
2.66704e-013
2.5472e-012
1.26478e-011
1.6271e-012
7.6117e-012
5.24711e-012
2.43452e-012
9.07039e-013
5.73298e-013
6.37617e-012
7.54415e-011
2.28992e-010
4.50623e-011
1.75438e-009
1.6994e-009
4.2301e-012
4.15299e-014
1.59071e-010
1.57801e-007
7.07969e-008
1.64838e-009
4.19341e-009
2.47076e-007
7.8857e-009
1.65233e-010
4.58345e-011
4.55219e-012
3.1909e-010
2.56374e-012
5.98092e-012
2.69235e-010
4.13494e-012
8.42488e-012
1.10726e-013
1.904e-013
8.63578e-015
5.2288e-015
7.56635e-015
1.81672e-015
3.86481e-015
1.72216e-016
6.57686e-016
5.19832e-017
1.19217e-008
5.89307e-008
5.9842e-010
9.7838e-012
2.20967e-013
6.76513e-014
2.43828e-015
6.96879e-016
6.05528e-009
3.84382e-009
2.38445e-010
3.24259e-010
6.91946e-010
2.63633e-009
2.92134e-010
2.05007e-011
2.08705e-019
7.59132e-018
5.71119e-019
4.25353e-019
1.43844e-018
1.22601e-018
1.60256e-017
9.9134e-013
3.48146e-012
1.0957e-009
2.69393e-009
3.64977e-018
9.13194e-018
7.68135e-018
1.18346e-018
